8
9
418
530
598
3333
3350
3399
3699
3799
3800
3899
3900
3907
3908
3999
4000
4099
4100
4199
4200
4232
4299
4300
4399
4400
4499
4500
4599
4600
4658
4699
4700
4751
4799
4800
4899
4900
4921
4922
4989
4999
5099
5100
5108
5199
5200
5299
5300
5312
5313
5314
5315
5319
5399
5400
5499
5500
5599
5600
5699
5700
5799
5800
5809
5821
5822
5823
5899
5900
5999
6000
6099
6100
6102
6103
6199
6200
6299
6300
6399
6400
6499
6500
6523
6524
6599
6600
6634
6699
6700
6799
6800
6899
6900
6966
6995
6999
7000
7099
7327
7907
8127
8158
8187
8189
8204
8205
8206
8207
8208
8209
8210
8211
8216
8220
8221
8222
8223
8224
8225
8226
8227
